50 52
87 23
27 29
19 77
23 0
38 69
83 21
23 29
29 76
37 25
69 40
26 69
83 54
69 20
49 62
91 50
38 7
91 75
19 65
1 24
53 38
93 45
71 26
71 12
69 8
18 90
57 84
93 67
74 30
46 59
74 95
73 66
64 63
67 59
85 86
0 0
66 15
93 37
99 2
34 23
35 37
91 91
52 49
50 8
88 89
84 60
35 71
39 74
67 82
43 56
50 49
75 78
67 46
83 67
48 32
88 30
13 53
76 97
13 7
6 9
61 86
36 89
37 39
27 5
87 50
99 17
13 72
60 90
19 63
27 71
40 2
9 24
57 98
13 79
84 93
12 81
85 61
78 48
59 81
54 76
53 62
35 34
54 40
21 91
50 46
9 22
50 23
81 54
79 58
61 18
81 77
23 58
53 70
2 13
93 10
0 35
92 65
34 9
34 42
63 94
44 90
65 68
55 43
51 59
17 71
34 66
69 27
26 64
48 49
55 5
12 43
85 13
24 21
5 47
20 56
94 34
54 9
50 96
17 74
8 36
9 24
62 86
23 73
78 48
51 50
71 47
63 55
33 70
34 73
40 67
24 4
21 40
87 31
77 71
7 97
44 4
82 53
66 11
64 84
79 82
69 77
36 73
6 57
31 56
28 17
83 87
43 29
62 95
84 94
75 61
73 86
83 44
29 6
17 52
54 88
57 29
70 46
55 56
14 95
13 76
85 25
34 3
44 15
63 8
76 95
57 76
12 18
57 88
37 87
41 90
72 17
48 77
86 89
87 10
2 44
73 29
98 25
44 88
43 73
13 78
59 38
30 35
59 1
97 31
50 8
48 84
3 68
23 36
10 91
14 23
66 76
47 1
1 21
18 50
0 49
68 94
89 16
13 28
35 12
8 54
48 69
72 63
49 99
23 7
61 14
98 90
10 67
73 4
13 69
81 8
20 86
19 72
83 99
81 88
30 53
63 32
32 50
95 67
17 40
60 17
55 39
61 80
87 21
26 75
55 41
42 87
86 96
64 79
88 8
31 22
22 66
35 30
1 79
21 7
63 13
82 48
33 27
73 37
92 78
81 6
69 57
0 86
59 51
1 12
44 80
79 74
95 53
71 67
84 36
44 35
56 48
37 40
2 56
91 44
66 74
55 80
33 22
74 78
10 95
99 90
20 2
57 2
43 52
54 24
99 46
70 13
38 63
80 90
94 88
94 25
60 45
28 73
83 50
99 11
91 1
62 22
11 73
20 64
8 98
35 5
32 19
1 6
36 20
69 22
2 98
80 14
70 59
24 83
45 10
64 4
30 7
34 7
77 11
78 64
41 59
35 1
27 49
83 25
47 2
62 11
17 42
67 12
4 85
62 64
49 19
49 53
68 82
90 70
39 15
89 43
43 34
46 96
54 38
21 15
85 1
88 30
55 95
92 69
51 21
4 28
79 8
82 28
56 67
47 27
7 1
34 53
53 57
96 68
83 48
38 3
41 33
82 2
61 47
11 5
6 32
80 48
17 56
47 2
58 96
89 13
96 96
48 49
91 59
48 78
10 14
44 47
84 18
46 80
41 1
36 48
45 51
55 83
5 29
11 30
47 3
36 61
71 50
85 63
89 36
72 53
89 23
33 55
93 40
18 4
66 81
62 29
25 5
97 19
82 38
31 97
10 54
80 22
70 90
84 1
92 84
70 70
74 81
90 37
28 83
75 73
29 19
74 60
41 57
45 29
81 42
51 6
11 19
81 73
48 92
4 40
51 0
83 68
12 71
15 42
57 95
61 75
56 3
9 90
37 69
77 47
61 19
31 27
59 93
34 49
98 85
58 35
35 42
87 73
76 61
64 1
97 56
92 91
34 65
52 43
38 0
35 97
78 96
55 72
41 39
40 75
66 75
14 12
87 3
30 5
69 35
80 7
39 83
20 25
7 58
50 14
7 41
68 90
17 45
22 30
21 23
71 66
34 87
55 39
95 43
27 6
23 25
57 7
87 50
64 36
88 44
98 76
56 86
28 67
52 90
21 25
44 72
63 63
38 93
55 57
59 19
99 9
62 79
9 11
58 38
17 45
44 4
43 40
41 58
3 56
62 4
29 28
96 14
28 62
80 86
40 50
60 85
34 72
75 93
37 7
79 92
7 91
8 71
54 59
31 45
48 40
76 41
3 12
80 41
77 18
58 64
87 5
53 67
92 75
9 15
65 92
54 50
98 43
6 87
55 93
69 35
60 31
60 38
94 60
37 45
28 8
60 53
28 19
38 16
1 90
77 70
96 2
68 58
22 57
92 82
18 9
16 16
35 63
5 15
1 61
25 18
63 67
4 51
15 31
64 19
61 12
13 4
60 48
48 55
50 80
17 99
7 47
70 9
73 25
27 73
11 15
75 48
38 56
40 44
51 86
85 62
71 61
87 42
71 11
34 44
24 17
26 29
33 56
14 28
78 0
11 62
65 89
35 28
47 91
8 67
30 67
8 64
72 14
59 93
94 18
43 35
86 63
22 50
2 60
69 26
22 25
28 16
23 31
62 8
17 47
42 68
26 67
42 41
72 39
15 79
17 34
6 63
81 3
73 49
96 86
9 20
16 99
82 81
97 59
23 77
11 52
44 10
72 22
17 40
15 27
45 10
12 98
63 64
92 16
8 34
24 39
45 24
5 72
74 91
55 30
98 20
98 31
37 43
52 3
32 79
48 59
57 37
38 23
98 6
41 67
50 25
81 62
5 52
5 24
27 57
48 83
12 23
82 96
10 62
33 59
72 69
89 42
25 99
77 97
76 25
82 15
51 94
13 8
58 18
36 56
97 6
17 19
68 68
71 50
78 79
9 45
96 91
92 73
19 18
59 79
72 53
41 41
23 25
86 1
55 0
86 60
32 20
86 25
78 6
40 86
17 54
86 22
40 55
14 71
34 93
37 6
7 22
43 53
75 22
53 8
20 76
46 83
77 22
67 19
71 16
39 23
67 64
29 29
88 6
15 49
63 76
82 53
76 65
59 10
42 69
54 2
93 24
13 2
72 88
28 33
14 16
82 2
93 99
22 7
1 20
58 75
57 67
88 37
91 76
88 37
89 30
81 30
23 83
51 44
47 10
16 68
23 49
90 55
26 68
65 75
50 6
77 8
32 82
97 13
4 84
33 41
38 57
14 81
74 65
28 98
32 60
40 4
27 27
19 5
86 95
13 58
19 70
6 65
28 17
11 14
16 54
4 59
47 79
84 82
48 74
48 44
18 62
57 56
60 94
60 32
58 17
11 88
5 85
54 17
18 88
44 44
70 8
11 50
64 42
44 2
31 82
18 49
21 20
76 85
9 62
79 41
21 56
19 72
79 24
61 33
65 24
0 14
22 76
34 95
95 44
98 52
86 29
52 73
22 55
96 22
99 71
6 28
83 50
53 55
93 58
7 64
98 35
41 12
5 80
59 70
82 27
38 17
86 19
92 33
60 1
36 40
4 61
10 8
13 81
13 24
44 22
7 91
3 82
73 64
62 78
5 38
89 85
76 85
49 52
59 37
40 11
63 87
39 8
63 62
6 87
55 76
39 86
15 81
66 74
62 71
85 61
27 19
10 61
75 23
5 32
4 16
56 86
2 50
68 17
41 86
22 83
18 78
62 85
49 31
95 69
90 40
74 81
22 26
35 46
20 36
98 60
85 27
2 40
97 89
32 58
87 39
14 37
31 7
46 19
2 25
64 77
62 20
10 61
50 63
15 14
15 71
78 34
28 82
98 39
12 10
14 0
83 1
61 60
42 47
65 51
2 34
7 16
33 34
49 87
79 21
27 20
84 13
43 20
95 16
22 66
95 18
10 16
47 45
7 86
83 85
74 15
12 27
19 96
13 12
25 10
76 53
78 4
39 25
5 48
20 25
88 80
81 68
97 36
32 67
24 26
42 22
2 42
70 59
25 68
64 90
20 14
82 31
4 86
40 40
14 16
3 26
31 95
95 13
26 98
97 54
9 76
58 29
95 61
42 43
76 35
3 14
25 84
74 22
65 34
38 2
4 18
18 95
52 6
45 88
61 64
68 15
57 12
92 51
72 98
37 83
84 51
98 1
44 34
94 14
90 0
70 26
87 16
39 31
78 89
59 63
11 36
75 17
89 62
56 75
65 14
99 6
58 83
5 77
58 45
90 21
94 20
92 0
81 69
80 91
29 68
53 50
31 77
20 89
56 67
82 94
87 69
7 32
1 47
63 42
26 65
84 44
94 43
80 26
88 69
87 54
89 19
62 38
85 47
37 43
34 17
58 44
93 24
11 2
77 43
6 36
53 39
94 81
65 99
29 69
19 75
45 25
39 98
7 19
82 78
66 86
31 85
87 32
16 65
97 52
78 51
76 74
21 9
14 48
75 37
89 48
63 77
9 68
50 45
65 28
13 62
17 82
48 96
63 6
34 85
54 1
93 35
78 76
56 56
2 89
56 22
94 77
55 30
69 66
91 80
93 42
74 59
37 84
80 84
64 23
37 5
10 2
1 8
64 71
66 21
91 35
37 64
1 16
39 90
87 95
89 7
42 40
45 29
5 40
83 71
87 47
29 80
25 22
14 64
9 31
65 79
80 10
5 25
82 2
7 78
92 24
4 79
43 47
15 28
10 81
78 59
51 81
84 61
30 26
37 80
75 95
15 69
7 95
40 47
0 7
28 44
52 77
20 98
19 27
83 80
4 4
44 34
62 70
32 2
31 34
69 49
40 52
23 65
78 62
90 24
69 46
13 9
3 1
18 13
75 83
29 73
14 57
57 27
42 34
72 54
62 53
71 13
5 89
74 6
70 70
92 31
91 75
23 21
52 69
73 25
7 95
10 64
2 47
18 21
4 64
53 1
0 87
33 62
90 39
63 28
63 76
82 24
51 24
92 33
9 45
89 81
91 81
61 71
30 38
93 82
76 92
66 23
89 26
5 34
35 77
30 35
5 87
18 42
93 62
34 23
52 11
31 12
31 66
95 80
35 55
41 57
78 95
15 3
76 19
98 55
99 80
96 95
83 4
26 7
41 68
45 41
98 50
90 0
42 53
34 9
53 74
83 42
46 53
80 24
79 73
89 92
96 36
55 8
55 86
57 58
42 60
91 33
99 60
22 36
65 79
84 76
60 98
1 81
67 53
22 27
52 81
77 1
56 40
86 42
75 14
92 11
98 62
58 77
10 2
75 67
60 63
92 95
64 24
38 2
55 60
80 25
52 2
26 13
32 61
38 29
8 60
69 71
27 75
70 51
25 23
94 19
39 91
15 84
44 67
67 81
4 41
35 30
39 10
61 50
63 6
77 33
86 87
27 20
34 71
1 33
2 96
18 35
66 59
92 22
21 36
86 11
62 41
13 50
76 9
1 11
43 92
14 51
76 84
27 59
15 65
65 30
10 20
80 71
92 4
71 21
11 31
93 98
67 12
57 62
65 25
94 44
46 10
1 77
84 58
63 68
45 78
25 18
13 16
75 35
58 38
45 92
6 39
8 31
42 9
80 72
4 71
48 13
74 57
7 8
16 82
22 48
25 37
22 37
19 27
59 16
53 44
85 81
98 76
50 19
94 0
12 85
70 25
68 67
41 5
71 69
17 11
52 41
8 47
3 59
67 58
16 52
22 47
75 99
14 80
31 80
84 59
60 10
71 83
85 0
87 65
85 54
35 30
62 81
96 84
32 88
34 33
27 28
96 46
7 19
23 76
91 52
96 95
8 14
19 33
59 89
70 57
50 21
53 79
91 74
50 31
49 28
69 71
31 16
26 82
90 83
25 87
66 85
30 67
52 36
29 54
47 98
32 74
41 93
93 21
39 18
13 44
75 83
86 45
32 33
47 35
39 96
60 18
85 85
41 1
1 10
87 82
64 0
39 52
82 93
9 44
99 19
51 24
37 22
73 54
27 45
52 92
51 98
68 72
76 31
3 97
7 39
47 78
86 21
5 31
42 43
30 62
26 71
46 75
11 43
56 19
7 38
17 81
64 61
61 39
89 90
10 0
64 55
34 26
22 3
3 25
31 30
52 8
72 45
71 12
50 79
57 19
92 6
70 72
64 22
54 99
6 44
11 93
86 90
75 33
71 33
52 93
44 74
7 45
81 65
82 20
85 99
73 27
63 67
63 6
15 47
32 93
70 92
69 34
88 76
36 0
61 82
98 61
46 27
30 55
94 35
23 27
24 29
72 35
31 16
31 70
23 42
47 49
18 10
42 84
39 77
83 14
17 8
3 1
51 73
63 46
46 11
89 68
24 35
22 94
0 96
95 85
10 69
59 86
17 94
69 85
14 89
90 56
58 46
16 59
86 28
12 51
66 93
65 83
80 11
95 13
35 37
67 50
72 66
59 81
91 56
41 81
65 72
59 29
96 80
5 52
20 40
90 90
45 1
56 25
4 19
66 91
63 50
7 71
83 60
13 37
64 88
39 60
28 22
2 62
72 77
94 38
99 93
13 78
3 35
80 82
53 86
80 53
40 91
31 92
65 51
19 11
53 99
95 81
80 63
1 7
56 23
22 85
53 32
96 51
52 79
49 85
90 36
85 10
50 68
74 2
49 66
14 19
1 79
28 44
40 56
3 39
47 49
87 1
50 35
65 39
37 66
93 71
27 28
33 35
70 73
57 93
48 71
38 0
17 1
12 58
12 23
63 91
2 4
35 97
72 48
42 23
25 74
58 87
89 52
12 23
75 78
89 68
13 89
34 50
31 22
37 7
73 54
34 54
75 50
67 29
81 13
20 82
84 69
81 50
74 31
78 59
66 3
95 68
44 48
48 27
9 44
16 78
14 71
12 77
49 32
39 26
49 76
99 14
39 61
18 55
97 85
26 87
69 53
26 8
21 8
94 72
7 57
81 36
67 96
25 95
0 46
22 92
58 7
78 75
45 12
9 35
11 71
21 6
47 78
81 45
97 25
25 56
43 59
48 84
81 47
36 73
1 37
14 70
38 84
95 14
50 32
82 98
90 71
27 41
13 15
47 11
75 24
97 37
99 72
24 67
79 10
82 62
83 95
25 9
61 78
88 35
35 47
52 91
9 38
84 39
53 49
65 41
32 91
2 31
14 94
99 36
29 72
36 7
74 30
24 68
77 60
70 33
35 0
53 39
96 56
95 41
38 10
27 47
26 83
31 15
61 75
51 20
80 13
36 8
31 32
63 12
84 68
85 61
86 10
39 69
20 10
6 42
40 16
81 83
91 53
54 84
35 46
9 83
90 17
62 24
5 75
50 80
21 73
49 62
17 55
51 18
28 46
95 95
56 62
59 74
7 19
1 28
96 55
25 0
30 32
28 36
72 45
76 21
41 75
50 5
82 86
48 65
12 46
79 12
80 27
80 87
32 67
45 92
65 30
34 83
45 38
52 83
77 16
55 19
7 74
75 46
36 43
12 27
45 88
42 92
99 9
85 95
68 79
93 14
24 83
62 58
33 47
87 30
51 71
85 69
95 6
17 32
56 10
41 32
6 86
39 95
62 83
30 49
99 41
55 86
52 42
83 51
61 39
58 97
58 82
19 8
57 36
4 71
84 23
56 75
91 51
32 39
47 45
31 35
79 32
45 28
50 15
62 98
13 22
22 95
91 65
28 43
26 94
36 60
23 67
29 65
37 58
47 93
93 67
16 49
14 31
13 46
56 30
79 12
18 8
46 24
68 20
38 23
77 9
12 51
37 40
20 17
27 17
81 24
33 77
72 96
87 88
45 7
61 60
6 8
79 38
60 13
4 95
27 7
30 77
74 55
83 91
73 83
57 71
38 18
62 79
4 52
23 46
29 33
89 59
30 79
81 18
70 10
8 90
61 92
18 63
92 41
84 52
55 61
31 24
53 55
68 29
37 36
61 49
95 5
25 36
60 57
18 90
14 22
50 17
22 50
20 89
47 68
53 36
51 17
2 16
36 36
71 67
80 5
17 41
69 26
48 44
92 81
64 56
33 82
61 72
82 24
88 17
51 85
0 37
33 31
65 19
97 89
84 45
32 58
51 30
85 92
98 85
74 32
39 90
6 41
37 67
67 2
59 38
56 0
63 1
93 84
93 37
49 61
46 32
12 4
36 24
77 89
44 81
74 29
69 94
51 48
31 95
83 45
8 75
13 8
9 55
7 68
5 38
76 97
61 14
19 55
23 95
50 59
49 31
12 69
96 70
18 39
26 66
0 85
59 18
15 66
99 74
74 82
97 59
98 92
26 24
14 98
9 52
47 34
5 18
31 51
7 53
28 73
34 38
28 65
81 90
54 85
20 16
11 31
45 98
39 71
64 11
73 61
96 61
14 7
65 76
24 88
99 43
73 66
28 17
76 98
85 43
94 34
24 88
90 94
34 56
90 77
31 42
24 13
74 63
61 58
44 20
39 60
47 72
49 64
7 29
63 76
95 97
67 40
24 46
67 92
63 66
16 15
40 28
19 66
71 27
77 26
50 46
8 26
3 72
52 60
67 77
67 94
47 4
9 20
91 62
86 52
40 90
81 13
2 35
25 35
93 51
14 71
55 34
87 51
99 39
49 49
33 80
50 88
22 48
91 49
93 56
79 43
54 26
89 22
53 74
67 77
94 5
64 19
24 12
47 70
80 69
45 41
56 12
29 71
11 13
90 92
62 64
25 73
68 68
44 82
94 4
85 92
74 88
19 7
84 24
49 0
33 58
80 40
48 88
4 95
51 15
18 37
87 6
29 25
94 46
89 63
84 71
43 83
71 63
10 6
24 30
5 56
91 66
98 7
18 12
67 83
88 66
91 99
23 14
15 87
53 51
1 50
79 98
21 30
75 96
70 42
26 38
83 3
28 85
79 29
68 64
90 72
84 82
25 47
15 72
91 60
11 43
96 94
95 61
22 54
49 50
35 27
37 41
67 5
71 8
70 48
64 12
68 66
43 40
43 8
5 45
20 80
15 14
26 65
45 84
35 15
6 85
13 38
26 41
96 73
17 57
29 29
98 4
18 12
12 86
34 3
31 15
84 59
50 51
11 23
36 72
33 12
97 29
12 3
99 63
64 19
80 58
74 31
89 36
40 66
87 30
62 71
25 43
17 15
54 80
42 89
1 11
77 58
58 10
11 77
15 12
13 36
47 65
66 31
21 20
54 57
4 46
23 13
45 78
8 43
6 21
13 39
2 74
82 32
97 84
27 5
98 74
76 52
22 64
32 40
34 85
36 89
16 12
17 53
81 10
1 9
27 28
54 72
33 45
15 91
7 11
44 54
1 51
72 38
17 77
42 16
37 41
77 69
49 66
15 38
49 21
87 21
87 54
66 80
10 61
63 67
51 79
18 85
71 94
39 7
89 22
26 79
61 13
94 50
78 82
91 4
91 66
16 29
0 15
52 13
47 36
99 95
78 12
41 13
48 2
99 43
10 50
25 74
66 78
51 23
52 31
19 16
81 20
54 18
90 99
18 73
54 40
19 55
42 31
72 15
36 61
65 5
22 45
47 69
45 58
36 53
1 85
48 26
86 9
90 55
60 19
42 92
67 51
99 32
13 22
13 87
0 34
33 93
55 55
36 19
77 95
57 11
32 12
25 10
35 4
64 73
58 25
2 55
16 3
75 86
71 71
94 52
99 1
55 48
76 96
40 9
78 8
69 46
66 80
40 34
51 61
4 87
8 31
47 73
63 7
98 84
6 28
56 86
22 58
67 18
2 80
10 10
53 36
90 78
98 25
11 25
18 48
53 11
51 83
64 83
96 90
41 99
88 47
71 63
48 17
24 90
91 55
31 19
5 65
14 66
68 47
99 29
16 21
49 73
66 27
8 41
93 34
96 47
97 6
50 8
89 38
72 61
50 97
63 23
30 98
30 47
32 10
32 54
54 80
42 6
81 6
2 30
36 62
43 83
59 91
7 72
17 33
5 34
92 18
98 35
52 51
9 64
55 46
10 62
99 9
5 50
0 31
12 91
28 18
46 35
12 13
24 97
65 90
39 86
79 26
32 55
92 92
9 98
44 84
33 6
84 9
98 16
8 12
0 87
38 58
56 8
71 52
54 15
28 54
12 1
50 66
0 42
29 69
76 40
55 54
4 64
99 26
32 29
32 88
67 39
25 90
47 46
61 88
89 83
95 79
79 70
89 8
4 81
40 14
40 87
53 17
68 72
67 61
9 48
45 67
84 59
13 2
9 32
21 97
20 49
84 70
79 25
57 62
82 43
96 39
87 78
81 34
33 22
33 59
11 10
98 89
61 50
54 34
19 27
35 55
9 80
73 16
77 8
61 30
10 61
61 8
85 27
63 63
15 29
75 14
43 27
51 58
40 36
93 39
40 26
95 38
90 41
6 87
21 96
85 18
70 90
95 66
96 83
64 30
98 33
32 40
33 78
80 10
34 71
5 83
26 6
42 54
96 83
13 1
11 12
26 96
41 75
87 39
26 8
63 58
33 67
68 95
56 91
70 49
63 92
58 55
79 79
59 75
35 15
28 61
2 49
91 66
42 51
20 37
9 2
16 3
46 83
11 89
78 63
84 44
11 34
85 88
88 0
75 9
47 4
42 14
36 10
0 95
94 48
38 18
27 8
24 52
95 28
18 81
49 34
99 93
1 82
41 28
65 29
65 25
43 7
8 30
7 37
49 51
57 47
82 56
49 39
34 63
77 71
73 43
74 83
29 65
95 19
14 45
74 3
77 61
72 40
73 20
60 14
15 66
91 58
83 73
98 19
2 51
59 71
86 31
9 63
44 57
87 47
53 18
95 98
43 18
19 74
13 84
99 30
50 36
60 45
5 75
52 11
96 72
43 81
99 16
66 2
84 67
78 94
33 74
99 97
72 33
2 70
33 34
7 85
52 61
99 99
5 17
5 51
65 74
67 72
11 88
40 66
3 25
68 9
26 27
75 93
15 37
13 83
31 30
94 50
31 69
77 65
34 66
74 52
0 41
76 45
87 15
80 2
67 25
64 4
97 40
31 14
36 97
82 58
2 84
18 70
42 88
70 15
72 44
95 98
70 89
46 88
17 47
27 88
20 29
8 10
40 85
99 35
11 47
35 26
99 56
92 65
17 78
54 76
27 50
56 80
58 99
93 48
56 53
31 17
48 32
78 16
78 58
91 32
61 14
73 80
8 86
16 61
69 67
41 0
4 68
65 67
56 49
69 62
81 17
72 84
53 90
55 37
60 99
42 94
18 61
68 3
4 34
41 61
17 12
14 96
30 30
17 31
0 88
93 57
70 35
44 30
46 63
91 78
64 96
42 49
56 54
24 68
95 5
9 39
62 3
62 64
34 84
93 86
75 25
26 86
58 92
97 62
16 7
74 99
65 25
65 96
33 16
85 39
82 89
74 76
50 66
37 95
35 94
29 55
72 38
28 88
77 14
32 37
98 78
27 87
64 70
4 44
80 75
62 35
28 88
53 31
71 19
35 2
49 5
45 64
99 69
95 0
56 15
38 46
36 96
11 50
55 71
74 44
10 23
5 37
21 24
74 97
92 52
84 24
84 79
81 86
37 92
63 10
14 89
56 90
54 17
58 89
96 81
77 17
9 85
0 76
50 99
89 81
94 51
48 90
81 25
32 28
17 49
67 65
67 46
81 77
89 93
0 64
75 98
99 27
79 83
68 49
58 31
37 60
68 2
30 88
71 4
11 43
75 79
81 69
28 13
27 22
52 8
41 54
70 75
13 13
0 6
32 71
89 86
76 85
14 56
67 57
82 90
86 54
31 54
83 88
0 29
96 46
3 15
89 32
23 45
47 51
95 42
58 83
80 47
48 85
81 29
35 1
39 41
9 94
82 9
50 3
51 20
74 80
11 60
83 94
6 23
13 94
64 80
8 49
26 46
18 56
60 37
46 46
57 95
88 34
67 50
34 93
9 57
2 93
23 28
72 59
13 4
79 70
87 2
15 24
55 63
38 41
23 28
11 37
48 10
46 55
71 44
86 60
99 96
39 64
0 32
4 39
42 70
28 78
57 62
19 89
87 94
75 20
82 50
84 17
53 21
65 45
93 59
95 92
72 41
35 10
44 18
67 35
76 84
1 91
9 42
60 79
39 51
23 51
66 47
51 80
75 48
43 63
5 96
22 6
73 44
20 91
37 32
81 39
68 53
58 93
23 60
13 87
86 94
20 91
78 99
69 14
42 94
33 46
63 85
93 74
45 73
83 70
74 85
37 34
61 39
43 3
59 31
28 0
69 99
67 15
3 82
66 64
78 9
6 69
64 91
40 59
56 80
28 23
60 52
32 25
91 53
88 85
54 98
87 23
51 26
44 29
31 73
70 66
72 28
88 81
51 10
33 81
70 97
15 32
10 79
30 11
95 15
44 44
56 79
43 91
96 47
55 53
36 46
48 11
35 31
57 73
77 7
42 54
12 73
56 14
20 37
67 45
99 69
85 88
59 17
52 93
60 55
87 12
38 10
37 47
80 18
11 42
76 40
77 8
37 6
50 68
63 34
79 75
94 35
33 68
33 56
6 9
60 20
49 38
28 70
9 20
74 34
0 59
90 39
12 71
25 10
50 28
53 10
73 32
97 86
1 45
29 72
36 42
75 96
6 70
13 64
40 55
17 9
96 6
11 94
95 60
21 79
92 70
25 69
63 12
22 8
84 82
8 41
39 57
13 53
35 89
80 66
42 11
1 88
25 64
1 31
80 46
96 91
4 47
80 15
59 64
8 2
36 88
40 71
19 1
75 45
75 14
90 43
30 98
51 31
93 63
74 40
18 62
14 72
62 47
40 84
46 64
59 57
91 43
80 35
48 55
92 38
77 74
85 30
58 20
46 47
2 71
21 79
32 96
4 68
29 69
68 77
12 75
4 35
74 66
85 71
66 82
88 18
84 4
17 65
44 70
66 94
66 27
7 67
83 59
89 66
26 53
4 96
44 22
70 90
29 53
33 84
84 75
83 48
57 81
16 11
49 0
84 82
54 48
47 92
67 88
85 9
22 13
37 38
71 80
41 16
52 73
39 79
52 14
26 12
8 21
24 36
33 17
99 98
57 22
97 74
16 74
37 51
74 99
62 72
90 22
34 99
59 2
35 90
20 38
93 38
73 47
28 4
27 86
7 13
53 80
26 33
1 70
19 67
25 75
55 92
63 76
92 98
85 23
94 19
9 44
86 74
72 24
61 11
33 30
33 49
68 90
80 17
60 16
34 73
74 74
73 96
94 25
83 24
87 29
3 64
75 15
39 80
76 91
97 21
85 30
28 77
87 33
86 78
35 11
75 9
68 71
11 47
89 46
43 75
41 84
58 63
13 32
11 68
46 93
59 62
28 21
4 81
10 93
45 64
39 43
36 91
12 52
81 36
90 2
65 26
75 91
36 42
20 94
58 30
30 17
12 94
34 0
69 28
61 61
75 55
51 93
68 88
62 70
72 61
43 18
37 69
5 30
23 35
97 94
97 42
92 56
66 78
86 19
28 36
48 38
31 68
93 65
51 82
26 91
15 77
26 41
9 44
98 90
54 37
46 79
71 28
84 45
12 36
34 17
44 4
30 31
21 77
51 18
30 38
67 19
90 44
28 44
27 43
44 63
34 44
72 91
89 61
13 25
82 93
96 31
10 13
92 53
58 31
51 73
72 73
67 65
17 86
32 18
98 70
49 84
21 16
18 91
49 63
5 12
21 42
61 16
45 25
34 60
5 71
51 69
9 13
96 50
1 23
0 52
54 81
10 62
46 45
66 69
49 71
70 61
20 1
57 21
33 21
76 47
98 7
84 7
38 39
7 66
85 11
58 22
92 13
70 44
22 59
94 1
13 74
73 37
79 60
44 49
14 61
94 51
22 81
49 79
42 12
76 80
26 38
35 27
71 84
35 55
3 46
91 58
23 39
33 75
47 70
21 97
97 90
79 47
72 32
84 96
73 75
30 32
27 56
99 92
76 95
55 27
92 98
77 97
29 17
88 24
11 18
26 85
13 34
12 20
20 67
63 31
76 87
19 40
0 49
54 64
53 99
39 27
98 4
11 38
7 10
28 32
43 22
93 88
22 67
29 61
51 92
95 79
54 58
9 57
69 70
71 84
44 94
79 35
47 50
55 84
55 33
67 26
87 65
99 74
49 79
82 3
27 10
60 93
43 43
53 13
7 33
96 47
21 62
23 4
6 25
71 35
43 50
31 6
40 63
88 36
9 44
43 49
91 57
74 48
4 14
27 12
93 87
39 6
46 65
35 26
87 14
64 48
26 8
72 13
1 64
75 90
50 84
39 16
24 1
56 13
60 95
23 66
19 81
17 73
81 53
70 36
83 67
2 99
29 37
28 27
87 80
10 71
77 69
16 56
60 78
96 79
63 54
88 58
90 93
50 47
77 85
65 39
97 2
93 27
31 16
21 71
57 59
47 80
92 54
72 96
6 20
84 27
93 11
24 80
21 69
57 89
55 73
48 19
41 70
81 25
76 6
97 42
15 45
11 37
26 71
28 5
83 59
85 65
23 70
81 33
72 20
68 14
54 45
63 63
76 82
45 76
36 49
14 39
45 82
26 17
36 8
19 26
21 28
95 52
24 79
32 89
48 90
41 95
14 73
42 99
5 56
70 57
12 2
24 75
40 47
91 24
8 29
75 8
62 21
49 45
93 6
5 63
0 86
9 63
3 17
36 0
76 3
8 68
31 41
65 2
7 46
72 51
57 50
70 74
30 67
21 87
20 32
11 8
20 18
72 71
50 17
19 42
49 35
83 28
49 23
56 43
94 88
71 14
92 3
6 89
87 63
49 47
95 23
16 87
16 25
70 66
10 29
13 76
29 96
87 53
19 86
72 62
98 14
29 52
83 68
97 24
47 35
46 16
98 56
70 69
5 47
74 49
68 57
63 27
99 62
15 80
84 83
10 68
90 94
86 30
29 73
15 92
62 9
92 11
71 96
82 98
50 88
98 48
3 53
0 94
88 9
0 5
20 87
86 9
58 66
90 71
23 98
86 13
34 7
2 72
88 53
40 89
92 52
88 78
55 90
42 18
99 77
79 11
28 81
32 68
95 1
88 20
87 36
52 78
41 91
34 30
81 53
23 34
13 76
93 80
60 50
91 11
84 74
21 11
39 0
3 42
44 98
66 45
36 29
11 56
39 80
42 5
76 7
29 66
80 26
0 21
51 34
40 28
39 4
37 69
9 30
77 35
57 95
46 9
50 3
13 22
62 97
19 78
63 39
76 89
98 71
35 54
51 59
97 65
69 8
70 76
27 34
76 86
31 91
17 93
34 64
27 57
24 96
29 49
25 20
1 82
89 44
20 94
12 24
26 55
61 52
35 80
40 27
17 79
41 18
42 40
55 2
76 17
80 64
72 82
75 44
28 34
84 43
20 42
51 72
43 10
43 74
49 86
56 7
68 7
7 40
87 82
41 23
38 65
35 85
83 55
20 78
33 72
23 65
35 62
11 5
83 13
92 8
68 58
47 21
12 98
61 89
50 9
85 13
39 5
0 43
68 15
60 46
47 29
63 75
33 1
60 98
3 21
91 56
48 47
46 29
27 59
12 93
69 67
1 43
32 82
35 22
1 56
59 16
19 49
67 0
86 71
34 46
79 66
72 48
48 66
12 75
3 3
15 80
18 92
8 65
17 48
76 39
63 2
74 40
54 15
47 67
69 70
26 27
39 19
12 18
2 46
34 88
53 81
71 46
42 81
43 79
50 26
4 72
2 35
92 18
6 48
23 38
96 55
23 64
31 92
30 29
40 16
95 6
45 54
54 48
16 18
76 69
39 53
46 2
1 88
94 35
51 47
96 4
45 73
78 33
58 74
90 9
67 88
7 54
62 90
22 12
30 78
6 67
11 32
38 9
50 59
86 53
87 49
78 25
68 62
34 58
42 25
4 22
55 5
42 40
46 64
75 95
98 29
26 21
83 80
65 38
39 64
7 89
60 1
23 21
55 82
31 43
89 44
25 28
79 27
1 53
19 25
23 54
77 61
86 95
55 85
18 63
97 79
22 40
40 20
1 16
29 54
37 45
60 8
88 87
21 43
47 63
62 28
92 43
95 19
72 1
83 74
69 30
20 3
57 16
49 33
55 66
17 22
49 30
38 0
70 91
27 33
4 24
7 37
82 52
80 46
60 0
39 84
71 46
76 60
67 47
27 41
10 91
16 49
90 55
89 41
26 96
18 64
57 70
70 58
71 0
63 68
53 70
50 58
83 82
0 31
68 7
4 20
0 75
94 64
12 53
99 31
56 94
82 29
85 87
91 33
53 70
13 37
19 68
97 48
45 48
1 88
4 58
58 81
75 6
87 78
64 74
77 5
72 73
43 44
32 42
93 14
96 16
3 66
50 39
80 44
42 15
23 58
80 7
95 49
23 33
34 64
85 20
15 75
67 22
96 84
99 51
53 94
78 21
71 87
39 5
87 12
37 19
10 94
32 10
65 87
82 38
13 53
47 69
61 94
40 59
39 13
84 77
35 9
93 33
97 59
1 40
90 24
2 64
46 7
86 75
9 64
98 70
2 98
47 87
47 54
71 37
74 20
82 2
59 62
12 68
31 31
16 31
48 61
57 50
83 30
0 54
54 59
67 78
18 75
80 21
24 90
53 9
38 85
78 89
24 37
16 38
19 42
56 81
7 75
67 13
44 54
25 87
82 21
23 9
45 87
98 30
33 75
53 57
70 75
54 82
24 88
63 23
19 21
90 80
1 29
71 53
54 96
42 58
23 78
48 38
74 58
18 28
66 25
19 99
84 87
89 9
65 44
60 35
85 23
50 95
79 55
58 2
41 92
89 3
66 29
6 79
95 37
83 42
3 27
44 82
90 4
20 47
80 76
88 18
45 93
58 78
16 99
90 56
73 41
73 74
83 78
63 75
38 32
65 44
8 9
99 18
74 67
81 86
49 26
41 81
97 31
68 93
70 43
13 47
81 96
87 35
34 43
41 33
0 7
32 62
64 12
96 22
86 76
66 67
44 78
26 98
72 32
27 24
51 75
47 4
39 0
25 2
63 41
63 63
49 48
13 0
81 44
99 40
18 54
31 14
84 25
91 78
73 77
44 35
93 28
55 53
21 90
74 76
69 39
6 72
56 34
95 82
45 88
77 47
96 13
62 68
46 99
1 94
41 41
57 74
10 73
17 24
4 89
50 31
5 35
53 64
63 35
99 44
37 73
13 55
14 27
69 11
59 71
59 84
84 21
64 69
42 23
53 39
68 50
94 1
75 73
64 79
80 44
67 43
52 94
36 4
74 53
28 85
4 90
85 86
13 72
25 65
15 62
32 60
33 77
45 60
39 38
47 53
88 76
46 13
76 60
17 71
42 14
73 40
16 43
76 35
46 39
63 56
35 85
96 42
82 1
35 38
73 54
23 23
35 39
65 71
79 51
40 26
23 83
2 78
82 91
71 34
33 94
58 52
4 93
72 40
8 10
61 42
76 20
19 23
45 35
58 86
50 22
1 10
28 63
39 82
45 1
22 53
64 28
90 75
68 93
89 12
72 18
42 31
65 72
12 86
38 13
84 40
1 65
41 59
99 76
70 51
30 18
61 23
60 25
32 3
32 34
97 77
99 58
62 11
45 60
52 81
73 92
27 31
28 85
43 46
86 70
77 67
85 26
65 44
20 94
83 22
51 72
19 87
60 25
1 5
37 1
41 38
15 6
4 73
47 58
3 37
6 50
3 93
46 12
17 80
39 35
7 6
71 2
92 30
22 37
0 53
88 26
19 55
96 47
89 64
93 99
66 70
79 80
85 9
97 77
18 27
84 35
92 42
18 96
59 54
24 34
58 39
93 1
72 26
52 4
57 15
23 1
15 43
97 79
54 11
45 24
43 17
28 43
91 65
77 99
48 43
7 13
40 35
35 34
34 85
55 49
69 86
45 96
14 22
20 24
6 75
51 66
48 10
43 95
52 29
48 95
95 81
19 34
69 25
19 42
49 54
12 49
23 21
23 19
72 6
11 82
93 93
27 90
29 66
73 18
81 69
87 43
81 80
8 72
97 77
65 49
3 31
36 61
38 12
37 18
44 26
3 46
68 10
73 89
67 46
98 32
48 65
38 76
33 21
90 99
40 8
17 18
98 39
75 64
67 67
22 46
62 44
32 64
42 80
9 30
49 40
33 78
84 53
92 1
19 50
88 45
39 80
38 86
45 2
81 31
85 42
68 99
66 55
74 43
19 12
70 90
43 73
0 24
14 77
98 99
92 44
27 60
97 78
42 68
65 80
74 90
68 77
81 76
49 87
69 80
68 27
86 49
26 2
53 93
60 37
60 26
11 48
99 84
46 63
99 13
61 25
45 92
16 92
90 86
7 0
96 94
52 95
67 98
89 81
85 34
36 78
30 9
80 37
4 18
15 81
62 17
45 61
56 13
58 91
42 44
18 18
72 65
28 6
10 34
0 32
91 83
86 94
16 17
16 18
42 53
55 94
75 11
5 8
69 91
53 95
71 7
40 33
81 95
14 58
34 92
72 74
5 2
49 62
45 29
82 33
48 70
50 44
66 71
46 18
85 11
17 70
63 7
4 70
47 10
24 73
45 85
28 58
93 14
89 43
30 93
50 89
64 73
45 25
46 46
79 43
7 92
35 1
27 79
90 47
26 26
65 82
65 32
72 38
28 25
2 43
39 3
5 21
0 57
11 76
20 24
96 68
77 3
78 21
55 3
55 21
82 52
42 68
8 58
17 29
86 40
45 88
92 57
42 3
1 75
16 57
40 68
2 7
1 11
50 45
95 96
34 81
10 83
86 29
68 31
22 15
75 46
0 48
29 59
69 70
82 70
57 71
46 15
8 78
29 66
52 68
11 54
7 41
79 77
21 80
29 90
23 8
79 96
14 49
73 90
70 90
33 75
52 8
66 9
10 91
7 12
7 72
90 8
31 90
93 11
36 49
97 16
68 24
13 93
92 26
74 38
78 99
40 18
92 39
47 1
9 64
87 86
3 52
5 67
77 77
60 91
45 48
26 32
86 7
98 34
4 31
62 62
32 61
96 10
86 16
55 83
56 71
95 12
25 51
48 11
89 17
23 41
94 37
62 67
12 37
26 74
13 67
90 66
21 44
97 91
44 40
76 56
75 94
85 5
80 31
31 62
64 93
96 81
55 28
31 56
63 90
57 58
12 20
30 24
76 77
7 26
33 97
83 92
75 8
23 6
76 67
86 83
1 51
29 17
59 78
18 44
65 43
87 86
84 21
73 54
37 58
62 67
85 84
36 38
3 21
71 78
13 15
64 12
52 6
7 52
34 93
90 15
60 70
47 85
77 86
64 44
60 48
97 93
25 85
46 83
87 40
98 10
52 83
71 58
42 34
22 4
72 98
73 28
96 12
43 71
35 15
4 27
78 44
57 37
8 65
79 22
0 75
7 14
16 27
65 40
9 47
65 58
22 66
5 79
35 10
13 86
95 53
7 74
34 4
18 26
46 2
21 24
60 97
8 57
90 52
23 15
36 53
66 81
63 15
51 9
51 34
66 91
56 62
77 62
16 54
28 9
20 26
9 64
30 78
43 99
20 76
8 82
52 64
23 1
3 51
91 66
28 90
13 45
43 87
76 47
93 20
3 26
97 47
3 27
15 55
93 25
12 36
6 50
27 52
73 8
11 24
93 37
28 81
72 90
78 56
11 52
8 92
30 8
77 27
46 73
69 62
42 43
38 85
87 30
80 57
20 8
50 72
12 83
61 74
93 30
11 78
13 14
17 93
67 44
57 72
4 97
87 68
10 16
92 21
40 12
7 52
72 33
44 42
90 72
10 39
65 94
54 11
31 40
88 11
72 77
24 44
27 72
45 9
52 1
68 30
77 21
13 75
40 44
14 1
53 47
76 7
80 30
77 29
37 79
2 65
78 12
62 14
52 45
28 50
98 10
86 74
26 95
17 27
41 53
75 31
82 24
30 14
98 81
18 54
86 19
14 77
80 40
16 38
3 69
35 89
74 46
24 35
39 10
15 81
92 99
67 95
77 28
60 88
83 44
37 60
88 91
29 66
84 14
93 56
24 71
42 24
13 69
96 76
15 49
16 3
11 78
30 73
25 91
67 93
70 10
56 34
5 63
90 48
28 73
61 20
78 20
2 85
51 0
38 8
79 37
39 59
58 12
29 93
0 48
57 61
96 60
29 76
54 16
25 40
22 50
48 66
83 92
46 34
27 79
48 93
7 38
80 84
27 6
91 31
28 48
52 16
69 61
35 42
3 2
70 24
7 1
83 14
73 2
54 65
51 5
88 42
27 90
84 41
80 35
37 83
54 42
20 22
65 78
83 63
8 76
38 81
38 5
13 64
5 7
79 4
65 35
13 11
55 40
2 28
18 85
17 21
14 59
4 72
96 27
76 25
77 75
24 23
62 99
91 0
22 38
20 46
86 16
40 76
90 74
34 8
9 40
77 6
23 99
92 88
13 19
42 59
5 38
33 67
34 10
87 19
86 31
57 79
98 53
80 93
90 21
57 9
29 73
89 40
23 69
84 64
69 19
9 82
5 78
43 51
80 59
7 3
79 68
10 95
57 73
73 2
29 12
89 59
86 48
20 17
4 85
61 86
21 50
98 52
81 51
84 25
94 17
51 81
39 31
16 50
50 98
55 23
32 60
69 50
91 52
34 3
47 5
10 80
58 29
56 86
53 20
96 27
4 89
9 66
16 16
54 64
74 1
19 29
50 76
2 42
62 98
87 87
48 90
35 96
79 91
28 44
61 85
93 67
48 27
71 53
54 88
45 57
94 16
92 70
49 53
46 59
81 85
64 38
59 79
13 92
15 69
84 3
32 92
37 51
29 14
53 17
83 23
60 85
39 3
26 47
15 54
36 57
41 42
79 75
52 49
3 83
33 79
58 89
47 90
3 53
50 54
65 52
81 36
11 97
84 41
66 13
89 16
84 92
29 84
75 29
50 87
73 88
6 0
78 12
74 38
40 12
24 44
13 33
18 48
90 43
0 71
23 66
99 19
79 85
11 52
85 18
98 51
71 57
10 64
98 26
97 2
79 64
31 68
64 15
80 90
66 8
62 20
65 88
57 46
56 22
49 78
11 73
60 73
90 73
53 64
4 73
92 18
24 45
19 70
47 72
40 31
22 41
51 77
57 41
63 26
28 25
44 17
76 6
20 63
65 84
18 16
76 7
82 3
32 91
7 84
85 59
93 82
14 52
83 86
94 75
68 90
53 8
68 13
69 49
13 98
45 70
91 92
84 66
49 9
61 2
52 1
30 12
85 28
83 59
10 46
60 17
13 79
1 25
93 40
37 46
65 4
57 43
22 86
66 69
23 31
26 46
47 3
26 19
50 29
8 4
20 18
8 11
58 76
87 22
99 87
60 57
50 9
37 83
36 57
17 20
25 69
40 87
86 94
18 80
41 16
49 33
72 49
80 49
79 2
68 17
29 41
6 58
33 49
69 99
61 79
30 35
59 1
73 57
65 40
73 48
30 29
15 89
95 48
15 75
76 21
47 89
4 44
12 9
62 67
14 33
93 88
56 14
84 40
32 53
90 26
88 21
77 49
84 48
21 78
46 13
0 0
8 18
40 60
69 51
73 47
11 94
31 45
43 73
77 81
37 69
63 31
21 80
26 64
55 17
50 92
35 3
25 20
44 15
29 14
38 6
21 82
8 91
12 98
67 76
39 86
89 34
94 88
62 25
12 38
97 70
54 69
73 33
5 96
26 58
63 18
65 79
83 4
70 62
76 86
33 3
52 91
31 77
57 92
91 1
84 69
64 46
73 46
9 43
21 21
2 90
37 43
64 59
20 84
68 81
63 10
4 18
20 45
51 52
69 57
51 70
82 4
83 49
18 83
57 85
68 26
68 20
84 18
79 48
14 71
86 82
21 58
9 65
37 32
18 57
13 55
77 78
98 25
95 20
70 95
91 28
32 52
97 22
40 26
40 0
97 52
57 71
66 72
66 37
10 79
7 11
43 87
8 52
76 56
18 89
45 91
47 58
15 14
72 69
77 80
13 82
95 20
52 83
13 91
29 44
70 87
10 37
81 73
33 31
79 31
50 29
31 34
87 8
42 97
21 33
35 11
57 9
78 78
91 85
19 9
74 44
2 63
60 25
88 24
78 77
61 19
99 4
15 81
73 63
89 65
53 86
93 44
25 51
43 3
39 11
8 75
39 11
42 24
3 30
28 45
91 61
24 3
16 51
27 11
89 18
20 85
51 65
33 27
96 87
70 43
3 28
76 64
26 35
77 26
66 36
33 59
50 7
24 0
1 64
61 29
81 88
51 34
12 4
37 63
14 13
59 57
3 32
86 77
31 54
21 96
46 95
70 87
97 87
7 73
94 9
50 27
63 71
17 63
10 41
62 85
84 77
30 41
39 87
40 33
44 22
0 6
93 59
49 0
67 53
36 56
52 84
30 24
38 78
7 61
31 6
64 76
4 7
22 69
52 89
8 49
15 10
99 69
66 12
8 99
21 9
26 25
38 15
72 61
71 36
65 27
75 33
-170 -149
1 147
96 0
65 34
95 60
