17612
13015
28623
22990
22151
6121
13835
23039
17286
21878
2059
31569
29661
30927
11557
22995
32044
17320
6290
13030
8736
15747
1303
8783
27452
31084
29669
13706
15577
25575
4799
18785
3691
11559
19802
26046
9991
9088
3593
3006
802
4639
29082
10758
18332
30713
29306
11098
26109
11009
20256
21356
22014
15262
12201
24049
2123
11356
20160
5114
30343
20962
10689
19330
29840
28452
31774
1347
9989
25049
2561
7375
17158
29488
32307
16091
31547
8382
24380
6622
15896
29115
24524
31963
10591
11375
3673
22650
22246
32743
10250
22110
26266
30188
4820
31411
27076
16694
17123
1030
5003
15324
3899
32090
21178
10767
14751
13944
14532
5384
11697
5766
20998
21055
15196
31963
21323
2782
20591
9234
16533
22389
30090
15197
28955
17391
4670
10780
5262
20421
15472
12719
7584
15985
5886
24968
13767
19494
934
4484
7742
6846
11299
22139
8782
27380
9880
9494
32459
30163
14642
5856
25313
31342
265
1440
28177
21458
72
28903
20342
11065
22414
25061
27213
6784
11924
16768
9140
21211
4111
21672
15794
7112
15576
21220
25464
15937
14922
19249
19174
12342
8171
19213
3921
5178
26703
31695
10628
24957
18746
10809
10500
18426
22277
27728
4761
9457
30531
22891
2057
7064
26276
2187
7463
9742
22041
18666
32268
12944
25400
18647
19109
8431
28643
7872
19310
13377
7460
26769
25468
19671
27996
30013
25537
32368
20893
11417
9100
22188
9812
10609
591
26564
25387
14806
13989
27511
557
14773
3731
4680
25131
31662
1294
21222
10335
13346
20670
19948
25936
6798
20482
6602
245
13592
30260
2819
12829
616
7726
19610
1295
30137
26125
23750
13677
31024
30773
16877
24414
27244
26005
3024
19435
17758
29996
29956
23722
29019
3275
14497
23194
25711
5917
28734
11343
4341
2790
3612
14159
20836
30600
18337
28859
18028
15051
1032
24882
23362
17373
9048
8178
25656
1944
12690
2368
2960
2564
23087
13323
146
8477
12233
27340
7388
21718
7193
11184
29690
93
3105
29689
310
6305
11434
23201
26545
15378
19185
15937
30899
28583
11678
2610
29760
11558
31221
22258
14316
9888
31056
27081
20464
25402
21197
22444
7804
6452
3396
20321
3407
26915
28028
20196
32134
24193
1182
18442
27057
22888
745
30820
28204
17819
8872
30822
11181
17094
16225
17864
14361
8711
27984
19757
4508
23724
9491
14083
18424
26687
22439
31658
20509
3008
32403
728
13819
6705
31843
21052
8340
13912
24920
3937
23637
960
26718
22742
24486
26881
16446
14988
32192
18241
29973
16767
15294
19195
3589
29336
31735
14847
13098
10450
29580
25274
28624
7837
7741
4280
25827
9856
9345
10855
32678
22273
26581
23582
2216
11721
10580
29789
7925
28164
32392
21847
29577
15879
2176
8109
22794
18485
8482
31357
31670
25379
29379
7323
21914
1274
11765
31518
13060
1565
20896
16671
23356
30476
14677
29885
12655
3465
26078
28004
25068
27897
13338
32592
28563
19980
30216
76
13705
18848
8737
2496
12593
19171
3307
7146
10328
27832
24779
1644
32688
18013
18458
14855
21888
27466
32124
26534
13465
8796
13933
4254
29580
6194
7197
27700
5146
4312
18046
18016
14060
23714
28059
15312
30597
5211
17707
30512
17524
24735
13926
21417
1998
20614
27671
2215
13275
899
25843
17120
2064
10891
41
20114
8765
9337
14394
14091
12296
14769
11
32623
21658
15107
30265
22710
5784
2003
25260
30964
27221
16247
12911
30685
11334
8673
26046
21640
8118
25470
9313
2163
17850
30813
27705
19400
8296
6804
3609
28382
13892
4064
27863
27907
27131
29323
12962
7289
31316
403
28821
8126
15971
15368
23693
31760
29184
19382
8504
31025
9847
772
29807
11880
11137
29212
26566
24776
1139
22348
10081
5812
15798
28332
6921
1187
13943
25858
7550
14113
12959
29154
15887
7703
18694
23834
16489
23883
483
29517
20141
1578
14728
11741
4549
7878
6988
4622
9207
6683
18632
2921
4538
9622
326
17759
23753
28632
23926
18479
13687
19639
29539
23818
24130
23173
30374
32116
28074
3221
10457
20973
25156
16124
11855
977
15626
14229
6914
26237
5621
14408
19405
15283
24270
1675
24540
5952
18497
3112
26208
9691
32051
30017
5255
23377
10325
28562
6059
19423
30713
28407
22474
13535
5157
6958
15926
30888
15078
19165
21645
4527
30439
12247
20460
16626
9282
6299
23648
31638
14230
27422
15517
23502
31578
15562
4595
6400
14193
11206
24701
19235
30462
23928
9116
32108
24697
17992
1699
21545
21507
7847
5588
18925
17398
10576
31628
18413
31681
11982
7610
7594
18675
21055
12181
7120
14997
9047
2959
22110
27325
4520
27012
21000
1632
9504
17720
8410
1896
8147
2304
12829
21766
27898
20671
22910
15946
316
22804
20845
753
4141
28370
15556
24190
15125
29361
27561
18828
7410
17731
26549
25954
22464
12073
2902
17864
1783
6534
10353
3353
15190
10932
588
3738
25567
6966
7852
27402
18467
22254
12858
23418
30655
16016
11307
7775
21287
7511
9504
15078
4514
9975
13643
3719
26774
4562
30164
22749
14342
8558
12667
14773
24665
13607
2174
21861
9565
12065
3005
4959
17035
18305
4892
11013
5261
8157
21289
29375
31741
10992
30207
9547
23920
15507
15210
4437
25267
21993
25675
26440
24916
473
27966
6499
2660
21953
23675
527
18300
27240
9978
17520
26878
24885
28891
6970
2461
18847
11524
2502
19232
31461
24588
9061
20578
13823
2648
23796
6302
9172
32131
7344
8169
941
8451
31820
26880
7658
27146
28993
21572
20212
2731
20326
26627
15986
7230
22976
28153
5824
18693
21915
2583
20636
14608
21465
11907
26403
18013
9355
4319
2045
15428
10430
1230
5076
9746
30359
24500
778
28917
931
18878
683
25880
18792
8227
23968
14862
6208
19625
1574
19060
3175
13930
21375
10962
22866
12248
18407
10179
24386
1535
29386
28502
16154
5386
17204
27059
24685
1545
24201
1282
7644
6641
20342
30856
2975
9700
8487
17171
3169
9395
15035
26777
10321
418
3829
13084
23158
107
29748
31440
18498
26245
14501
14720
5995
18853
18103
27950
22006
10118
28111
3578
10389
10982
9022
6981
13106
16849
20336
1045
28620
26913
31589
28347
26498
20806
29285
9140
493
16451
11248
8142
24243
21753
4597
4491
27993
4008
30532
17866
14169
17331
21060
18340
4213
22179
4073
14229
8522
28783
4833
7644
40
251
13070
15396
19489
16094
20793
8803
32352
872
21253
2819
26045
10212
6945
16960
142
18458
20930
7377
10431
3608
4433
16842
17957
27442
19296
19393
31503
25160
31203
1327
32542
18247
28829
17434
7255
6130
25304
10481
631
20963
29017
17592
25734
27084
21651
27236
5295
18435
30491
12169
4687
28222
5212
24626
15948
10907
12172
27152
10664
31715
30431
728
12886
2831
26362
3558
25164
24075
17066
1318
17625
10171
13014
26932
9785
22844
8882
31938
29031
22636
11318
20283
8242
32684
10447
23205
29075
19172
14932
14540
23102
21960
24635
13213
25463
3930
27917
13520
27687
18096
28695
22730
47
29944
26467
10433
14844
26809
19942
16417
25179
13916
23035
24878
17039
4586
16
15595
23714
30231
3487
29243
32248
15488
28769
2119
24618
2865
32190
26655
19473
15210
20103
6564
29472
7587
743
18341
29431
16077
663
20296
14134
4827
3410
24236
11663
10369
12169
26316
32
19003
28503
25767
18943
12434
17847
17822
31254
10651
14325
27421
22577
22976
9570
4477
24661
31170
7500
7721
26708
13823
20781
6400
17310
4849
30499
21755
22874
31480
12448
3088
24757
22873
18787
29270
14202
26246
25255
1129
1764
2464
24218
5392
10928
29498
8208
24093
3701
21856
29305
6293
30008
23767
11792
24593
24379
20391
27734
25956
535
29911
24767
13438
1802
10616
10667
4497
914
18149
11671
12658
24635
15944
22677
20801
8629
3424
19961
29004
18473
28802
25174
14129
14541
30174
29097
15171
26039
22020
26067
17711
10223
13735
333
15328
32711
13472
16919
19615
12143
28213
28913
3455
25540
20124
12494
7928
24425
25019
8838
4306
23577
32562
28875
3652
5691
30619
22622
5470
14007
10000
130
15780
3849
4334
14258
20988
23444
26841
26767
16842
56
11521
23324
11609
29478
13731
5677
4477
18931
24018
29981
22134
7404
10615
17856
17944
13482
3223
664
11561
13798
14292
32076
11275
16270
3639
3413
31386
12055
10284
5883
9048
32534
1998
32384
31176
29706
25189
23451
20503
2940
9005
296
12289
24907
2906
11549
6899
32577
4952
29888
5485
19177
29015
16663
427
1445
26887
28576
3460
4859
18592
27459
14226
31024
14118
20869
12179
20504
14315
30718
5647
4652
1877
26125
24380
989
13537
5834
23838
9512
7784
5948
13554
24939
12450
21709
17357
29047
4328
12282
13953
9190
5182
10063
22720
32687
10128
11923
24452
29943
3388
1600
12973
4138
5073
10038
31212
25419
10774
5807
28897
6536
29775
13942
18048
26898
18107
25940
3001
22315
10593
971
30040
641
18701
12551
29994
26554
31125
21522
28257
21584
11616
17735
2361
31647
1577
11273
27100
25148
25345
25781
20099
5001
3987
724
22751
21894
30892
17302
1719
20202
2555
1148
7634
21363
6421
4692
3863
19066
443
25706
5363
25546
22368
6141
4347
3762
20454
16368
27859
26457
19369
23746
590
3666
7870
4288
20182
7792
32637
25721
30223
13532
15932
12147
22455
16228
10846
31004
15569
1302
18573
26115
24578
7438
15939
1352
21819
18316
5775
4690
5272
23882
17430
32447
11400
18700
1112
22689
24367
16248
2100
24807
12040
10536
1454
26137
7887
29438
5873
14153
10398
14519
2704
17222
12374
32195
2321
14354
30016
26708
13228
13974
18164
12982
8272
28309
378
18142
22247
14047
5296
14405
13275
30151
6891
4087
21465
28118
17121
7910
27861
17089
4295
19077
14414
19097
15030
1938
21203
32578
9299
30515
13510
9254
15791
23109
10336
29738
18796
20209
24821
27618
20002
3200
6009
1024
14080
4464
20548
28691
26551
30663
11794
13678
18323
25511
30286
11877
2027
16419
10896
19904
10684
15953
23396
13929
1681
19104
6221
31592
24742
27756
8457
7185
15948
17360
15383
4220
5263
6588
22135
31286
1303
13895
20657
19766
13132
28998
7448
1299
29886
12573
4944
14964
24771
19413
7438
11463
866
32367
8223
5174
14191
28280
18860
20438
27640
27102
7868
17442
22752
22786
30202
32169
26314
5902
16057
27651
20024
9353
14645
18697
12788
26665
1051
70
14512
29160
9036
10920
27113
29785
25566
29307
21009
26685
16740
29592
12780
3666
12400
27610
15675
17259
29270
20434
11416
23237
22066
6076
9889
29337
2860
22705
17496
30446
26618
32286
13514
18097
19367
14196
17391
12039
31635
28193
18642
12514
8892
22464
16113
17619
22075
30860
3815
4383
17170
10779
19016
17940
26916
31305
24269
5277
1925
30322
1201
29461
7668
14052
27738
9305
10150
16019
28476
13601
29510
783
18427
25488
15417
12468
5583
9481
26918
32544
12077
15941
5046
10731
1956
8610
15768
24978
11525
1982
22217
18611
8134
30277
30994
20864
2728
10503
31954
3950
7576
4430
19197
20781
4051
24430
4197
5853
3406
19101
13880
14463
4949
2821
17354
20649
114
14872
3477
16254
23440
3364
21887
23006
5728
7719
16475
6362
20220
14052
17585
23915
21707
21046
30402
7267
29860
18341
21959
1699
20534
21815
32378
399
17575
31624
26327
959
9339
24605
1828
10743
18616
10742
5167
6234
15687
3170
11991
31706
3230
29720
11469
16371
28316
2690
24220
19609
24244
860
30439
24687
23886
26750
30450
23353
24682
22518
17509
3220
14215
26714
19532
23269
26307
10077
22369
22159
15683
26271
29582
3433
10965
19146
5806
12911
6356
20698
24212
28087
19021
15804
4686
26791
1887
11291
18602
27238
6120
11383
22522
6288
20830
11127
29461
12334
15354
4736
6046
19173
4892
22150
12681
1133
9451
26914
6106
5189
21819
16357
18096
12197
18357
26093
31363
18357
30001
19381
4266
30716
12391
18737
20768
14619
24007
1563
1415
11195
25253
15496
365
4036
3993
2494
32719
15311
2598
16713
31195
10463
31129
30284
23290
26187
31540
12054
13838
2559
8588
30453
24568
28901
816
16975
4958
25501
7307
22766
427
29556
2316
15004
30039
9108
22404
12784
26984
12920
32207
2407
14905
6051
12214
5814
21370
2450
7444
4191
32632
8175
23352
24963
15262
26119
32139
28663
13884
29054
8562
2202
22920
20801
29046
26085
2019
26813
25507
1219
27997
2895
14125
15267
2682
27643
30042
18380
23607
13664
31131
17649
17736
24043
17660
17158
7332
3148
8383
28242
1347
8230
21572
32196
29478
13067
29229
23434
409
9639
191
15328
32437
3387
394
5670
20520
5454
7244
13366
5433
10655
28947
19444
10758
31837
21922
22311
28688
15514
534
7559
32762
4350
28873
9494
10382
10936
30071
31924
24321
1210
20383
5358
1144
8998
15404
6936
9418
26371
19029
2715
4744
18997
30658
26767
1083
6060
22512
23949
5868
29659
19158
8638
23018
18796
1737
28472
18375
28210
31133
28299
20644
5215
17677
20886
22958
23543
23132
4256
21993
6276
31037
32164
23597
7948
5617
8683
24174
12352
27311
6624
26176
21238
14408
25377
31385
13017
31243
20690
4825
22367
4326
6710
15113
18172
10703
14208
19808
27286
25442
230
25868
17720
30412
17400
28207
21514
26599
17200
30503
10881
166
21450
10002
7891
7092
3541
32145
6830
600
17035
16333
25641
24988
11486
14008
29435
6830
4179
8854
9706
29318
14867
1979
27783
25801
6208
14486
14617
7662
23429
16622
20183
24735
22257
5740
16474
23138
4613
12890
12881
11128
16651
30890
13943
9733
6058
4154
21186
2162
10680
4182
2269
14096
20047
10111
29145
14590
14627
8042
16928
31820
15890
25164
18858
9568
29437
25941
17523
28057
9175
7290
3884
21811
19707
23416
5168
11371
4035
18454
1211
14307
21846
16810
12886
29767
5057
25054
7318
15665
26954
31412
1798
23370
512
13768
11106
15795
31639
14550
23558
25251
15219
29563
10917
13137
27395
31296
26430
22292
3664
4820
2892
16840
26838
21913
25918
373
9362
2146
6182
3883
28508
5756
17333
10032
631
18923
26727
27742
18535
10741
23547
23238
5378
8933
25126
19865
9162
23305
15752
7241
20602
22781
19679
4843
15839
24363
2171
18912
24297
8339
29682
8372
5634
13000
22548
24646
24222
24891
22817
18473
13588
17852
15674
2891
12460
19006
30486
32724
1017
30683
18678
1617
22377
14104
5083
27666
12826
25961
9974
19664
25839
25592
9056
14228
11236
930
18443
6867
31134
29250
14841
15326
8519
3379
7339
15738
21144
15632
3805
31178
7223
16062
24432
13174
26692
32173
3752
25094
10030
25434
28567
7567
7372
16409
32217
28050
937
12561
15234
32545
31391
10120
11093
1603
28839
30049
15159
20122
751
738
13027
16195
301
4539
31454
22014
3124
12612
20398
23951
708
18439
13639
25444
12455
22142
16070
12407
29689
22302
32353
18806
19656
24468
12702
14882
2781
26446
32196
12277
3544
22333
20623
10247
19331
18137
14632
13362
4192
2662
19796
7028
11908
30326
28396
22934
3752
31920
1421
16907
22398
1487
144
18971
8001
11502
13629
15937
23440
16386
27963
26321
892
10664
14667
24541
6112
10273
23607
10330
1521
30106
25092
11391
6165
17841
14191
20334
26873
15414
21912
14358
3293
16686
22008
25944
25907
22046
664
19816
21097
20614
13957
3191
14339
7595
8831
26255
1772
29593
18929
8382
16910
4969
19494
30070
12576
192
19897
10292
13759
21144
5709
31840
30401
323
13951
4980
21958
21932
18969
30305
25359
24033
10888
20015
17300
2766
9617
4067
15696
23371
3135
8101
24032
14426
11808
12066
28492
26281
5297
23344
12069
12639
4886
19632
31696
12821
32270
24761
27681
23073
8231
7155
1324
8475
15918
27968
599
31898
16362
930
25524
1343
20746
15193
13966
27893
3675
26187
19522
10870
4926
29609
21328
32274
31578
15056
1714
13228
11406
28013
26477
17925
32041
29925
13413
18237
2654
16116
5237
12950
21234
15764
9919
2940
27192
7712
27969
28098
22335
31673
17834
29487
29770
4329
25707
4665
25216
11398
1552
23056
26085
28121
19153
12254
15753
3072
28772
29005
19456
11409
24086
8267
9233
3456
14106
31754
19890
1603
26401
11082
22325
9267
23851
23514
1724
26166
26780
31580
16370
23451
27794
27978
29181
10821
23926
25142
8622
16396
15569
13398
25595
13152
1889
27967
23728
5935
18797
22769
5473
17929
19797
18964
16547
26755
6253
29569
15740
15065
10763
31492
28439
21975
12511
10592
15548
32505
10883
23444
19968
17361
8531
6493
22329
25769
31871
29948
2613
21098
5727
6201
32556
17340
3334
8872
10738
9583
281
15659
12145
27162
14050
1720
12119
32001
19872
15965
22028
23612
289
20097
19175
7702
10643
7532
20129
26036
28056
18186
7690
2807
23192
9195
27898
31138
22363
16783
3467
3008
9431
12257
6021
25408
24902
18433
9242
1763
16764
20550
29140
18008
29816
8580
1227
10661
25913
12682
5915
28616
20179
9967
28053
24734
22209
23055
25781
30213
8573
26448
18900
8253
5454
13994
21663
10645
16225
7270
21704
32067
3868
30501
26620
21907
23471
28453
19476
5444
26604
15040
8591
20526
22616
3125
12864
18217
20354
3243
4164
23339
9363
2163
8503
15280
26663
12430
27047
21599
11099
5487
11465
15850
15655
16129
13419
13878
20975
1516
21802
25532
18772
4629
741
26671
1616
8803
2418
1630
3458
457
15759
24413
24006
19841
14875
2783
14089
28821
32134
3815
17244
30884
31622
31392
22086
10211
30475
10376
13919
26722
14454
27604
9498
1169
29701
11537
6371
18690
29842
14855
23914
29552
24190
19682
3646
4865
7912
3732
8093
15816
23330
6261
27019
16270
29797
14636
26913
9682
29635
211
11304
19726
29278
22614
6886
21308
20952
10268
5176
5017
22794
20970
4065
4009
2297
516
15138
27003
15877
7061
17291
21294
29028
17488
17424
6068
11983
21336
2143
8406
4731
10077
6769
7800
25419
10248
20063
13087
7492
30362
16504
18864
65
4560
31120
30843
30440
28937
11674
5495
27100
23210
18554
24527
21300
31170
15636
25246
9773
30442
19113
29943
24347
6256
11363
31529
20390
11700
26414
19777
31538
18897
10698
26320
6047
4480
29470
17390
1587
8250
29392
3966
22740
18589
22546
1716
14203
13329
703
13781
14821
9643
19110
29246
2444
25682
20774
13736
24533
4128
4347
16042
13451
26378
8279
6783
12428
15556
22836
31754
14530
10719
23529
1047
9557
13877
8188
24292
31007
646
1848
23264
11617
13667
9983
23730
26036
12107
15329
21629
8258
18965
31597
6243
13877
10125
14406
18504
16496
21346
3194
7896
13437
15424
32272
21451
19911
18489
20960
29543
5898
2153
168
20295
10247
20442
603
27740
27516
12709
25532
4657
339
10842
23084
24435
4378
30882
18880
1968
8371
26915
29079
7775
17229
6564
12907
4897
13459
30578
9061
17222
13346
32002
26934
17555
13633
29399
867
19778
14028
14246
992
23883
22386
21433
25825
3298
31265
23441
28909
9281
3773
26063
28980
24743
21272
6229
5666
2721
8223
4264
20020
16776
5969
11160
32523
8267
17526
28708
21695
8046
1933
8600
7029
22611
23302
15608
22324
3513
18993
26017
3572
7554
11255
1326
30712
16313
30152
8857
2654
14035
15060
13474
4085
21813
11134
29557
17486
31735
10509
28039
9494
30440
16805
25537
28066
22994
10359
12512
28876
17151
32308
16412
17662
9979
32199
22279
30348
2460
24899
14009
13383
18496
4890
22570
10831
22870
32657
18399
32552
9504
6768
25801
10000
23478
27902
1642
400
27727
16428
20025
30034
444
14097
10312
32306
10293
28054
16164
24983
88
28531
26364
32004
9071
7002
17414
25322
7410
18033
12319
14785
7501
13318
9138
4438
18914
13695
9690
8807
20050
1679
1995
11373
4856
14768
28526
26041
15543
18637
30027
12738
23030
7742
22956
4542
24808
10746
5375
879
25361
22280
18301
16960
6662
30007
19465
7824
12660
27407
29275
24398
29283
17415
9309
25030
13244
28409
31445
27578
13321
16594
1349
25525
16509
3982
18703
25500
19764
31076
15325
22918
25275
11325
15680
10957
1235
16747
21400
3430
30322
408
12339
2925
32523
9468
16057
25860
5391
25556
17351
17502
4532
27407
20186
30743
20981
2378
879
10183
26842
10238
32104
14038
18169
25848
21682
18834
31549
24586
1061
8318
28902
4353
14251
15853
20177
14806
17829
2512
23546
18729
22410
26573
3391
16618
1489
29585
8295
30042
27410
22374
26722
14386
29288
28936
11986
17441
25881
14516
20171
31868
31609
7811
27863
21810
29963
20982
28734
30462
31722
10194
8580
29664
22375
4654
4658
8141
12788
24266
12762
24998
30273
12194
13397
4199
1956
25027
11599
12449
22974
22110
1286
9770
11100
21019
10830
11794
26779
26287
9689
13530
30800
6833
29365
23777
30886
17321
16406
18719
12041
18027
86
21
12099
12707
26938
31492
32229
26288
18807
13662
12777
17590
22388
20602
22933
2542
23890
8075
9891
24385
26154
12243
9630
16918
20629
8468
1167
16488
27250
25160
11481
15131
31203
9873
13410
8848
22425
9843
27123
24951
32338
321
226
27108
13215
21205
8174
6309
11755
20868
22378
25300
23481
2130
17054
424
12333
353
22634
4240
6350
29872
12076
20867
138
20226
14308
2961
1019
9499
13462
14271
15080
26418
28144
28689
15119
26788
27693
21736
14369
4070
14137
23694
25871
17085
25110
16656
31364
25265
25982
76
1714
28095
3530
8778
27218
5966
18
14800
9958
28004
6806
21296
25154
24090
13404
17765
17226
12621
27
6494
3069
19095
5720
31642
5299
18301
27343
27637
3234
19946
12564
8130
9127
7901
29818
18969
324
16734
26420
15986
11493
22966
11450
8563
19303
223
9071
7175
21978
12346
29056
17584
11654
5504
22799
13086
12589
25339
6033
29184
14224
28662
21620
17178
4916
15730
25349
27032
870
13082
23442
28322
13949
10361
20427
5168
16735
3691
7790
27168
12359
19665
10788
14726
5317
10377
30630
14915
13574
17822
30499
18137
16469
6587
31974
637
11490
25318
11572
9582
8898
30314
24435
25478
6200
31765
15506
8462
819
27044
7332
27095
17431
21116
26574
24198
11712
24475
32356
3120
20165
973
27727
25127
24569
16419
27570
14867
31800
3233
31437
9796
1376
14647
2337
31302
23197
23283
32724
16822
17386
6516
10584
6485
14036
28834
15432
7771
22657
15004
3474
26638
24818
5618
11739
16274
17285
31765
30239
2563
16574
7179
18328
6337
17734
19815
738
21515
14900
12153
31324
29648
10892
18626
25553
15041
25093
15018
3416
26539
26896
23926
22904
20740
533
22644
18064
24260
3072
2680
1398
22134
28156
22156
25439
11662
28798
10468
2815
22013
10118
18448
24817
14595
21026
18037
32600
21572
21299
10238
5319
11551
10099
4111
10846
3643
31927
3003
5430
17250
20082
19510
5888
18323
11131
25997
29160
6482
2320
26004
29632
10563
18202
22304
15450
5879
18866
1399
17205
12294
19429
5125
24668
25950
20404
15953
23692
10970
20319
21551
19605
29975
5092
17974
15362
18819
21698
22132
27388
5302
1282
16737
9068
15110
29048
29458
26976
5973
5191
7343
2736
23598
16803
15911
20961
2833
4571
30754
24649
30218
11414
14904
29556
32648
22876
8544
6599
3181
31065
6827
6755
23650
20062
7730
5197
15469
13097
5708
6347
18373
10470
18181
17681
10981
24054
18892
7964
7391
4590
29036
14815
755
31459
10814
25757
29280
4069
10908
27030
1146
23753
1944
8165
12541
17196
494
21673
8865
19636
7992
20323
14830
29337
25441
30111
12882
32356
15964
20951
7537
26615
534
404
10428
21710
29865
20182
24901
7300
21202
30902
27089
30361
22181
28490
22319
13682
5759
1737
9929
12961
20541
26095
889
20583
29867
13219
19614
13431
1855
18392
4974
8189
9736
25521
654
2271
19937
13544
25568
22595
12010
10352
14492
29265
9529
20569
6050
27450
10700
24821
17934
3449
20418
2361
15885
5465
8651
10853
6128
17847
29662
13032
2431
14857
32042
8317
28560
6559
20046
28059
5592
4137
30668
28172
12544
12154
29883
24283
16123
7819
11709
11636
16792
14787
10289
14855
1875
2165
13738
6445
30321
11179
14239
6350
3660
10786
19300
3138
4843
15765
29272
9142
5845
1342
2657
21202
22311
16795
10901
2713
7653
32110
14394
19088
7822
18439
18417
19746
243
25797
7982
21315
3656
5083
27115
21332
13436
22608
30878
3910
21446
24394
6760
22019
2689
27787
26511
29705
29497
28732
4142
5976
2310
10729
811
10895
9752
31950
362
27474
20628
22865
28992
16366
18847
24527
1579
4160
4791
8347
4288
9683
23882
7492
2788
22344
6273
28439
13375
763
4445
14053
21230
7395
22790
14855
27768
21434
25952
20638
2820
4446
8158
2335
25289
23160
22171
9488
27589
20827
17319
21260
17330
24623
7838
18957
27702
20046
27776
10731
14682
17646
444
17695
1085
1793
27278
14285
30218
24665
11659
28674
32551
4112
7291
2874
20143
12839
10086
11557
24099
27757
26098
13226
25948
25250
19180
27693
19140
13789
13860
11789
25542
4907
22654
32369
6531
5497
7750
8517
17863
32436
5060
15231
23611
3118
30736
27303
13276
27204
29224
30102
1195
2878
7232
31358
28070
25974
22873
15914
5880
23741
10517
135
17517
23290
28106
31332
27688
23572
22741
26742
9624
28946
28977
18335
1192
32385
26696
9839
13622
14870
12552
12268
27335
11157
3386
21390
30841
13553
1295
11918
9529
26037
31996
6753
4149
7586
24008
1151
14740
17050
740
29544
869
3517
25338
23785
16086
13265
9928
12699
6567
27879
8751
16814
32734
7995
25479
24292
17851
12637
19766
24544
11758
18318
28033
26785
8200
28781
2210
7242
9008
1235
2330
7204
28951
16123
19016
30693
13614
19686
28987
29491
19478
25085
18373
17508
5975
3065
19920
12424
14678
20224
29941
10409
19841
19728
14923
19537
28877
31905
4733
30029
11874
12934
23584
12465
9364
789
19523
18716
30230
16007
2375
17981
23402
3234
26609
1430
26780
27541
32445
20608
23344
5667
885
4976
1113
5379
9987
6776
9068
32647
25476
30481
17555
12157
28829
29463
30662
27731
21010
13589
29687
20862
13460
31171
31373
29723
3291
1741
3860
3031
11509
15062
22323
8973
17374
24253
14046
4655
31568
7199
31948
19047
10204
15645
13100
13182
16186
6495
26772
8444
2270
21592
1338
8849
15563
20684
102
13235
1196
32144
2599
3721
4897
24466
32070
9736
17751
32025
11640
2908
731
3661
26071
17033
20400
5881
11155
19026
17567
19856
6373
23386
25038
29550
25669
8841
28564
609
26589
31409
24972
21352
15677
26993
28648
8890
16720
25434
23304
5386
5263
6993
3404
8714
27508
24884
3878
2094
17202
21441
371
11698
20131
27059
4619
4830
12162
5677
7830
14729
20442
3164
31138
9692
28606
26201
1523
23640
15163
13132
7194
282
31883
12503
28234
31838
16011
13234
24166
18499
29552
914
31326
19406
29621
11856
4796
26416
26967
5703
8058
5452
31557
16382
26391
18036
19730
8967
7146
22643
9966
550
25525
20433
22996
3766
32125
13906
13317
23369
31129
17088
6580
24975
14346
11754
5635
8057
8458
22765
30766
3997
19431
10418
20742
221
2066
15032
25762
4419
31859
22292
25681
20528
20736
17334
1234
19382
5774
23789
17608
3394
24807
5934
30568
18814
18204
19985
26485
18293
15901
1180
9838
17145
390
31428
23558
20033
32444
15409
10708
30423
30265
3138
30540
12722
18212
21329
14830
21150
6437
28984
3517
4837
22647
6419
12787
27432
14399
6728
15859
17550
12060
15045
8831
17697
8703
1673
19243
15220
12605
14438
29713
28041
23522
8197
1991
20211
27977
10538
6542
25144
26857
26681
20428
18809
26738
20474
21181
19029
8217
29849
4965
18698
32047
32753
32457
32477
4857
15113
29022
28605
18876
20703
32450
25379
1047
11877
25002
25660
11925
9162
10268
3402
28035
11002
28638
8776
23807
30568
18222
16076
5970
13067
1459
6962
30080
3238
12724
11511
15901
31565
17800
9827
13921
23333
26957
6507
18815
18283
29917
16853
14899
21944
19966
15005
4762
5763
30425
8856
17991
32487
24750
29783
14995
8102
22213
5454
10548
19823
5544
24629
4370
7772
25231
11951
10582
24767
14108
9770
2755
28446
21832
19462
841
1404
22430
9465
18391
31706
4519
25522
30834
2558
21669
27324
10884
30835
27779
9638
28022
25297
26893
32097
32128
28479
1885
27625
6336
7989
20373
29479
10890
7559
15060
31511
16640
11679
30050
23334
226
8201
4398
4830
2983
28726
15483
30148
3020
28537
20694
20097
23404
8534
20043
15681
30993
11516
5848
21849
16074
2064
32290
15916
3965
16044
359
23375
28287
31912
15284
16363
13666
15384
27224
29027
23566
15637
5528
15671
1811
10945
12708
9769
20542
4485
19402
11422
32107
2717
6122
30278
6553
16599
29226
6399
9284
12951
10474
3319
19183
21791
8955
2577
24832
32013
13835
21643
2512
12325
16740
15581
18691
17489
24791
22244
27925
28646
19442
11327
2102
12073
13690
28154
27480
8978
16149
26985
22406
19792
21830
17495
22903
19852
1950
17505
867
1010
12593
9628
30997
15598
1352
17534
578
18995
21589
7931
5913
11522
7468
28910
6939
13737
15983
28603
14893
15434
23626
26930
7147
22237
20065
18871
24896
12408
10759
19872
8243
26062
15537
25055
20996
2807
2730
30689
26488
15983
9736
20662
30577
28000
29150
881
15297
11556
9651
17106
20544
19973
9523
9762
26653
2888
37
31071
28017
31851
11933
22681
16154
11178
23923
6812
198
30152
24307
20175
12622
5899
5078
21084
31558
2441
24690
16529
29650
6306
557
17031
15290
19918
22839
513
14017
6809
31353
17302
19763
25579
7624
27667
27582
21133
15455
29979
13698
3305
29580
5392
7275
15889
32681
7735
21439
3587
25422
22806
20723
28460
3781
24097
20163
25898
7102
12950
1666
10454
28996
11430
5038
19842
25584
25301
13767
19327
9821
10915
25697
5091
7643
27244
27001
4488
28520
17037
30213
15192
22748
20936
25806
7112
10851
6378
8066
29091
29744
16810
23045
19977
15472
19669
6153
21431
20861
27560
12510
31625
3157
2173
17803
572
5962
17067
23837
25465
3323
24999
6975
1551
898
879
17675
32129
22511
2600
2080
1216
19958
3333
14325
5689
22500
20588
30061
17682
6871
2388
29867
15281
815
28658
21799
895
32064
26004
16385
31211
9801
12749
16534
5809
2474
6866
2898
26460
15953
23844
9925
25609
30838
18031
11000
367
25480
30642
2817
9244
22631
4769
7381
22785
17363
22088
21342
30513
20773
28400
24269
3814
11580
32070
10034
18885
30139
6330
21833
8291
10354
20774
23959
2311
10009
29616
16822
946
9028
5873
31726
10076
1683
12887
18693
5249
11049
17607
17495
28892
30816
20103
2601
20595
14267
8796
21562
12243
13853
20975
17563
25501
1336
14709
21185
8513
28999
28303
3801
1290
32512
5743
12123
14683
1476
26429
7394
9016
14874
22713
28731
14343
15451
18465
5819
24728
32687
4949
4310
3428
7479
28473
32494
24594
26508
32091
28777
3648
21097
25814
10502
24959
676
29302
20593
30879
6755
1052
16405
11822
5516
17252
25393
18491
19069
29574
23854
21855
25342
22138
27184
23295
24947
28000
11755
14539
1623
6174
25784
25994
10725
22603
10983
26906
24088
15180
20055
14258
27862
12220
24133
21099
1640
18962
28002
20735
13358
15485
14888
14544
25489
1555
12653
17708
7480
7467
32569
1231
15487
6407
8661
28841
15141
7863
13092
24546
25924
5433
23606
32028
2439
25829
10011
8440
31127
17929
8949